,location,date,total_cases,new_cases,total_deaths,new_deaths
13286,Japan,2019-12-31,0.0,0.0,0.0,0.0
13287,Japan,2020-01-01,0.0,0.0,0.0,0.0
13288,Japan,2020-01-02,0.0,0.0,0.0,0.0
13289,Japan,2020-01-03,0.0,0.0,0.0,0.0
13290,Japan,2020-01-04,0.0,0.0,0.0,0.0
13291,Japan,2020-01-05,0.0,0.0,0.0,0.0
13292,Japan,2020-01-06,0.0,0.0,0.0,0.0
13293,Japan,2020-01-07,0.0,0.0,0.0,0.0
13294,Japan,2020-01-08,0.0,0.0,0.0,0.0
13295,Japan,2020-01-09,0.0,0.0,0.0,0.0
13296,Japan,2020-01-10,0.0,0.0,0.0,0.0
13297,Japan,2020-01-11,0.0,0.0,0.0,0.0
13298,Japan,2020-01-12,0.0,0.0,0.0,0.0
13299,Japan,2020-01-13,0.0,0.0,0.0,0.0
13300,Japan,2020-01-14,0.0,0.0,0.0,0.0
13301,Japan,2020-01-15,1.0,1.0,0.0,0.0
13302,Japan,2020-01-16,1.0,0.0,0.0,0.0
13303,Japan,2020-01-17,1.0,0.0,0.0,0.0
13304,Japan,2020-01-18,1.0,0.0,0.0,0.0
13305,Japan,2020-01-19,1.0,0.0,0.0,0.0
13306,Japan,2020-01-20,1.0,0.0,0.0,0.0
13307,Japan,2020-01-21,1.0,0.0,0.0,0.0
13308,Japan,2020-01-22,1.0,0.0,0.0,0.0
13309,Japan,2020-01-23,1.0,0.0,0.0,0.0
13310,Japan,2020-01-24,2.0,1.0,0.0,0.0
13311,Japan,2020-01-25,2.0,0.0,0.0,0.0
13312,Japan,2020-01-26,3.0,1.0,0.0,0.0
13313,Japan,2020-01-27,3.0,0.0,0.0,0.0
13314,Japan,2020-01-28,4.0,1.0,0.0,0.0
13315,Japan,2020-01-29,7.0,3.0,0.0,0.0
13316,Japan,2020-01-30,11.0,4.0,0.0,0.0
13317,Japan,2020-01-31,14.0,3.0,0.0,0.0
13318,Japan,2020-02-01,15.0,1.0,0.0,0.0
13319,Japan,2020-02-02,19.0,4.0,0.0,0.0
13320,Japan,2020-02-03,20.0,1.0,0.0,0.0
13321,Japan,2020-02-04,20.0,0.0,0.0,0.0
13322,Japan,2020-02-05,25.0,5.0,0.0,0.0
13323,Japan,2020-02-06,25.0,0.0,0.0,0.0
13324,Japan,2020-02-07,25.0,0.0,0.0,0.0
13325,Japan,2020-02-08,25.0,0.0,0.0,0.0
13326,Japan,2020-02-09,25.0,0.0,0.0,0.0
13327,Japan,2020-02-10,25.0,0.0,0.0,0.0
13328,Japan,2020-02-11,25.0,0.0,0.0,0.0
13329,Japan,2020-02-12,25.0,0.0,0.0,0.0
13330,Japan,2020-02-13,29.0,4.0,1.0,1.0
13331,Japan,2020-02-14,30.0,1.0,1.0,0.0
13332,Japan,2020-02-15,38.0,8.0,1.0,0.0
13333,Japan,2020-02-16,52.0,14.0,1.0,0.0
13334,Japan,2020-02-17,59.0,7.0,1.0,0.0
13335,Japan,2020-02-18,59.0,0.0,1.0,0.0
13336,Japan,2020-02-19,66.0,7.0,1.0,0.0
13337,Japan,2020-02-20,84.0,18.0,1.0,0.0
13338,Japan,2020-02-21,93.0,9.0,1.0,0.0
13339,Japan,2020-02-22,105.0,12.0,1.0,0.0
13340,Japan,2020-02-23,132.0,27.0,1.0,0.0
13341,Japan,2020-02-24,144.0,12.0,1.0,0.0
13342,Japan,2020-02-25,144.0,0.0,1.0,0.0
13343,Japan,2020-02-26,164.0,20.0,1.0,0.0
13344,Japan,2020-02-27,186.0,22.0,3.0,2.0
13345,Japan,2020-02-28,210.0,24.0,3.0,0.0
13346,Japan,2020-02-29,230.0,20.0,3.0,0.0
13347,Japan,2020-03-01,239.0,9.0,5.0,2.0
13348,Japan,2020-03-02,254.0,15.0,6.0,1.0
13349,Japan,2020-03-03,254.0,0.0,6.0,0.0
13350,Japan,2020-03-04,268.0,14.0,6.0,0.0
13351,Japan,2020-03-05,317.0,49.0,6.0,0.0
13352,Japan,2020-03-06,349.0,32.0,6.0,0.0
13353,Japan,2020-03-07,408.0,59.0,6.0,0.0
13354,Japan,2020-03-08,455.0,47.0,6.0,0.0
13355,Japan,2020-03-09,488.0,33.0,7.0,1.0
13356,Japan,2020-03-10,514.0,26.0,9.0,2.0
13357,Japan,2020-03-11,568.0,54.0,12.0,3.0
13358,Japan,2020-03-12,619.0,51.0,15.0,3.0
13359,Japan,2020-03-13,675.0,56.0,19.0,4.0
13360,Japan,2020-03-14,737.0,62.0,21.0,2.0
13361,Japan,2020-03-15,780.0,43.0,22.0,1.0
13362,Japan,2020-03-16,814.0,34.0,24.0,2.0
13363,Japan,2020-03-17,824.0,10.0,28.0,4.0
13364,Japan,2020-03-18,829.0,5.0,28.0,0.0
13365,Japan,2020-03-19,873.0,44.0,29.0,1.0
13366,Japan,2020-03-20,950.0,77.0,33.0,4.0
13367,Japan,2020-03-21,1007.0,57.0,35.0,2.0
13368,Japan,2020-03-22,1046.0,39.0,36.0,1.0
13369,Japan,2020-03-23,1089.0,43.0,41.0,5.0
13370,Japan,2020-03-24,1128.0,39.0,42.0,1.0
13371,Japan,2020-03-25,1193.0,65.0,43.0,1.0
13372,Japan,2020-03-26,1268.0,75.0,45.0,2.0
13373,Japan,2020-03-27,1364.0,96.0,46.0,1.0
13374,Japan,2020-03-28,1499.0,135.0,49.0,3.0
13375,Japan,2020-03-29,1693.0,194.0,52.0,3.0
13376,Japan,2020-03-30,1866.0,173.0,54.0,2.0
13377,Japan,2020-03-31,1953.0,87.0,56.0,2.0
13378,Japan,2020-04-01,1953.0,0.0,56.0,0.0
13379,Japan,2020-04-02,2178.0,225.0,57.0,1.0
13380,Japan,2020-04-03,2617.0,439.0,63.0,6.0
13381,Japan,2020-04-04,2935.0,318.0,69.0,6.0
13382,Japan,2020-04-05,3271.0,336.0,70.0,1.0
13383,Japan,2020-04-06,3654.0,383.0,73.0,3.0
13384,Japan,2020-04-07,3817.0,163.0,80.0,7.0
13385,Japan,2020-04-08,3906.0,89.0,80.0,0.0
13386,Japan,2020-04-09,4257.0,351.0,81.0,1.0
13387,Japan,2020-04-10,4667.0,410.0,85.0,4.0
13388,Japan,2020-04-11,5347.0,680.0,88.0,3.0
13389,Japan,2020-04-12,6748.0,1401.0,98.0,10.0
13390,Japan,2020-04-13,7255.0,507.0,102.0,4.0
13391,Japan,2020-04-14,7645.0,390.0,109.0,7.0
13392,Japan,2020-04-15,8100.0,455.0,119.0,10.0
13393,Japan,2020-04-16,8582.0,482.0,136.0,17.0
13394,Japan,2020-04-17,9167.0,585.0,148.0,12.0
13395,Japan,2020-04-18,9795.0,628.0,154.0,6.0
13396,Japan,2020-04-19,10361.0,566.0,161.0,7.0
13397,Japan,2020-04-20,10751.0,390.0,171.0,10.0
13398,Japan,2020-04-21,11118.0,367.0,186.0,15.0
13399,Japan,2020-04-22,11496.0,378.0,186.0,0.0
13400,Japan,2020-04-23,11772.0,276.0,287.0,101.0
13401,Japan,2020-04-24,12240.0,468.0,317.0,30.0
13402,Japan,2020-04-25,12892.0,652.0,334.0,17.0
13403,Japan,2020-04-26,13182.0,290.0,348.0,14.0
13404,Japan,2020-04-27,13385.0,203.0,351.0,3.0
13405,Japan,2020-04-28,13576.0,191.0,376.0,25.0
13406,Japan,2020-04-29,13852.0,276.0,389.0,13.0
13407,Japan,2020-04-30,14088.0,236.0,415.0,26.0
13408,Japan,2020-05-01,14281.0,193.0,432.0,17.0
13409,Japan,2020-05-02,14544.0,263.0,458.0,26.0
13410,Japan,2020-05-03,14839.0,295.0,492.0,34.0
13411,Japan,2020-05-04,15057.0,218.0,510.0,18.0
13412,Japan,2020-05-05,15231.0,174.0,521.0,11.0
13413,Japan,2020-05-06,15354.0,123.0,543.0,22.0
13414,Japan,2020-05-07,15463.0,109.0,551.0,8.0
13415,Japan,2020-05-08,15547.0,84.0,557.0,6.0
13416,Japan,2020-05-09,15628.0,81.0,601.0,44.0
13417,Japan,2020-05-10,15747.0,119.0,613.0,12.0
13418,Japan,2020-05-11,15798.0,51.0,621.0,8.0
13419,Japan,2020-05-12,15874.0,76.0,643.0,22.0
13420,Japan,2020-05-13,16024.0,150.0,668.0,25.0
13421,Japan,2020-05-14,16079.0,55.0,687.0,19.0
13422,Japan,2020-05-15,16193.0,114.0,710.0,23.0
13423,Japan,2020-05-16,16237.0,44.0,725.0,15.0
13424,Japan,2020-05-17,16285.0,48.0,744.0,19.0
13425,Japan,2020-05-18,16305.0,20.0,749.0,5.0
13426,Japan,2020-05-19,16365.0,60.0,763.0,14.0
13427,Japan,2020-05-20,16385.0,20.0,771.0,8.0
13428,Japan,2020-05-21,16424.0,39.0,777.0,6.0
13429,Japan,2020-05-22,16513.0,89.0,796.0,19.0
13430,Japan,2020-05-23,16536.0,23.0,808.0,12.0
13431,Japan,2020-05-24,16550.0,14.0,820.0,12.0
13432,Japan,2020-05-25,16581.0,31.0,830.0,10.0
13433,Japan,2020-05-26,16623.0,42.0,846.0,16.0
13434,Japan,2020-05-27,16651.0,28.0,858.0,12.0
13435,Japan,2020-05-28,16651.0,0.0,858.0,0.0
13436,Japan,2020-05-29,16719.0,68.0,874.0,16.0
13437,Japan,2020-05-30,16804.0,85.0,886.0,12.0
13438,Japan,2020-05-31,16851.0,47.0,891.0,5.0
13439,Japan,2020-06-01,16884.0,33.0,892.0,1.0
13440,Japan,2020-06-02,16930.0,46.0,894.0,2.0
13441,Japan,2020-06-03,16986.0,56.0,900.0,6.0
13442,Japan,2020-06-04,17018.0,32.0,903.0,3.0
13443,Japan,2020-06-05,17064.0,46.0,907.0,4.0
13444,Japan,2020-06-06,17103.0,39.0,914.0,7.0
13445,Japan,2020-06-07,17141.0,38.0,916.0,2.0
13446,Japan,2020-06-08,17174.0,33.0,916.0,0.0
13447,Japan,2020-06-09,17210.0,36.0,916.0,0.0
13448,Japan,2020-06-10,17251.0,41.0,919.0,3.0
13449,Japan,2020-06-11,17292.0,41.0,920.0,1.0
13450,Japan,2020-06-12,17332.0,40.0,922.0,2.0
13451,Japan,2020-06-13,17382.0,50.0,924.0,2.0
13452,Japan,2020-06-14,17429.0,47.0,925.0,1.0
13453,Japan,2020-06-15,17502.0,73.0,925.0,0.0
13454,Japan,2020-06-16,17587.0,85.0,927.0,2.0
13455,Japan,2020-06-17,17628.0,41.0,931.0,4.0
13456,Japan,2020-06-18,17668.0,40.0,935.0,4.0
13457,Japan,2020-06-19,17740.0,72.0,935.0,0.0
13458,Japan,2020-06-20,17799.0,59.0,952.0,17.0
13459,Japan,2020-06-21,17799.0,0.0,952.0,0.0
13460,Japan,2020-06-22,17916.0,117.0,953.0,1.0
13461,Japan,2020-06-23,17968.0,52.0,955.0,2.0
13462,Japan,2020-06-24,18027.0,59.0,963.0,8.0
13463,Japan,2020-06-25,18110.0,83.0,968.0,5.0
13464,Japan,2020-06-26,18197.0,87.0,969.0,1.0
13465,Japan,2020-06-27,18297.0,100.0,971.0,2.0
13466,Japan,2020-06-28,18390.0,93.0,971.0,0.0
13467,Japan,2020-06-29,18476.0,86.0,972.0,1.0
13468,Japan,2020-06-30,18593.0,117.0,972.0,0.0
13469,Japan,2020-07-01,18723.0,130.0,974.0,2.0
13470,Japan,2020-07-02,18874.0,151.0,975.0,1.0
13471,Japan,2020-07-03,19068.0,194.0,976.0,1.0
13472,Japan,2020-07-04,19282.0,214.0,977.0,1.0
13473,Japan,2020-07-05,19522.0,240.0,977.0,0.0
